DATE = '2005-04-08T14:00:16'
CTYPE1 = 'RA---TAN'
CRPIX1 = 9000
CRVAL1 = 83.815002
CD1_1 = -1.38878722883385e-05
CD1_2 = 0
CTYPE2 = 'DEC--TAN'
CRPIX2 = 3749.5
CRVAL2 = -5.405
CD2_1 = 0
CD2_2 = 1.38878722883385e-05
A_ORDER = 4
A_0_2 = 2.15209114907474e-06
A_0_3 = 5.79872084685034e-12
A_0_4 = 2.77197579113676e-14
A_1_1 = -5.18410991212483e-06
A_1_2 = -5.22293848680265e-10
A_1_3 = -3.01102923508888e-14
A_2_0 = 8.54922936675863e-06
A_2_1 = -4.21079246976236e-11
A_2_2 = 3.53080706734019e-14
A_3_0 = -4.73940843168984e-10
A_3_1 = 3.37756341343326e-15
A_4_0 = 2.408383927252e-14
B_ORDER = 4
B_0_2 = -7.20245535009315e-06
B_0_3 = -4.18261814663669e-10
B_0_4 = -1.1037319450531e-14
B_1_1 = 6.18766460442821e-06
B_1_2 = -6.16804666570034e-11
B_1_3 = 7.05601398541461e-15
B_2_0 = -1.73940568470599e-06
B_2_1 = -5.11208632970725e-10
B_2_2 = -3.99722673842971e-14
B_3_0 = 8.69992559017516e-11
B_3_1 = -4.03855228583009e-15
B_4_0 = -1.82455931959748e-14

