DATE-OBS = '2012-01-07'
DATE = '2012-02-24T16:53:09'
EQUINOX = 2000
CTYPE1 = 'RA---TAN'
CRPIX1 = 2081
CRVAL1 = 83.7896128218
CD1_1 = -2.6623186613224e-06
CD1_2 = -1.0677983537929e-05
CTYPE2 = 'DEC--TAN'
CRPIX2 = 2230
CRVAL2 = -5.406596533
CD2_1 = -1.0677983538171e-05
CD2_2 = 2.66231866153323e-06

