DATE-OBS = '21/03/95'
DATE = '21/03/95'
EQUINOX = 0
CTYPE1 = 'RA---TAN'
CRPIX1 = 419.9
CRVAL1 = 83.8179888140071
CD1_1 = 8.959642e-06
CD1_2 = 8.79584e-06
CTYPE2 = 'DEC--TAN'
CRPIX2 = 425.9
CRVAL2 = -5.38793965805026
CD2_1 = 8.79584e-06
CD2_2 = -8.959642e-06

